 
1       2         69.370
1       2         71.847
1       1         79.280
1       1         94.145
1       2         76.802
1       2         81.757
2       2         74.325
1       2         94.145
1       2         96.623
1       2         68.379
2       1         79.280
1       2         76.802
2       1         75.811
1       2         71.847
1       2         84.235
1       2         86.713
1       1         86.713
1       1         84.235
1       1         89.190
1       2         66.892
1       2         84.235
1       2         77.793
1       2         64.415
1       1         91.668
2       2         69.370
1       2         59.460
1       1         64.415
2       2         68.379
2       1         59.956
1       2         61.938
2       2         57.478
1       2         71.847
2       1         74.325
1       1         55.496
1       2         61.938
1       2         94.145
1       2         76.802
1       1         84.235
1       2         76.802
1       2        106.533
1       1         74.325
1       1         71.847
1       2         76.802
1       2         76.802
1       2         74.325
1       1         76.802
1       2         74.325
2       1         89.190
1       2         79.280
1       2         66.892
1       2         79.280
1       1         64.415
1       1         76.802
1       1         74.325
1       2         73.334
2       2         76.802
1       2         74.325
2       1         69.370
1       2         89.190
1       1         94.145
2       2         71.847
2       1         74.325
1       1         81.262
1       2         69.370
1       2         70.361
2       2         67.388
1       2         60.947
1       2         76.802
2       2         64.415
1       2         59.460
1       2         64.415
2       1         64.910
1       2         59.460
1       2         58.469
1       2         61.938
2       1         66.892
1       2         61.938
2       2         58.469
1       2         60.451
1       2         56.983
1       2         50.541
1       2         56.983
1       2         74.325
1       2         54.505
2       2         57.478
1       1         53.514
2       2         47.072
2       1         61.938
1       2         65.901
1       2         54.505
2       2         74.325
1       2         53.514