   105      350       9.839    14.95    10     16     13
    90      255.631  10.606    15        7.5   15     11
    14       31      10.455    15        7     11      9
    11.7     34.84    8.958    10        7     22     10
    46      153.434  11.741    25       10     20     12
    11.217   26.621   9.378    15        7.66  18      8
    12       18      10.433    15        7.5   12      8
     6.428    9.324  10.167    15        7     17      7
    20.1     32      9.218     10        5.6   10      8
     8.5     28      10.519    15        6.5    6      6
     1.6      8      10.025    17.5      7.5    8      6
     1.1      5       9.714    15        8.95   9      9
     4.355   15.204   9.294    10        7      7      7
    78.910   97.889   9.784    24.95     9.49   12     7
    19.6     93       8.173    20        7.5     9     7
     1        3       8.967     9.95    10      13     6
     1.65     2.6    10.133    25        7.55    6     5
    13.4     18.284   9.361    15.5      6.3    11     5
    18.708   55       9.085    15        7      16     6
     1.352    1.7    10.067    20        5.6     6     6
   170      270       8.908    15        8.75   15     5
    15.388   46.540   9.632    15        8.73    9     6
     6.555   20.417   8.995     5.95     5.95   10     6
    40      120       7.787    25        6.5    10     5
    19.9     46.390   8.890    15        7.5     9     7
     2.450   14.5     8.041     9.95     6.25    6     4
     3.762    9.5     8.605    20        6.5     6     5
    24.882   81.98    8.639    18        7.5     8     4
    21.187   39.7     8.781    20        6       9     4
     3.487    4.113   8.551    10        6.85    11    4
     3        8       9.306    10        7.95     9    6
    42.1      99.75   8.346     9.95     5.73     8    5
    20.35     33.379  8.803    15        7.5      8    4
    23.15     35.5    8.942    17.5      6.5      8    5
     9.866    34.775  8.591    15        8.25    11    4
    42.608    64.840  9.163    10        6       11    6
    10.371    30.556  7.683    20        7.5      8    6
     5.164    16.5    7.924    14.95     6.95     8    5
    31.15     70.515  8.454     9.95     7       10    4
    18.35     42.04   8.429     20       7        6    4

